640
112 86 43 602 438 618 301 66 535 525 66 42 258 66 81 236 33 610 508 200 88 18 113 66 86 555 429 1 236 452 43 1 105 530 419 260 391 555 72 66 66 429 412 408 1 181 1 555 181 508 33 525 463 479 66 72 618 181 258 590 260 618 525 33 1 412 173 260 42 65 1 142 181 86 181 313 108 553 72 66 107 438 313 66 33 429 181 438 86 586 553 555 452 105 463 72 316 1 479 427 525 86 72 553 159 181 555 525 33 236 33 452 260 463 358 181 181 555 86 559 66 130 200 452 392 621 414 525 553 438 525 65 72 454 559 313 43 408 525 629 555 181 113 232 525 32 610 528 263 297 156 1 555 553 33 618 33 553 408 85 578 438 66 574 463 33 452 611 611 236 86 33 452 553 181 565 301 260 438 1 112 29 555 313 629 105 258 72 538 31 555 88 66 33 452 215 463 602 33 81 173 1 236 181 313 508 33 65 611 408 43 130 156 408 1 553 260 181 362 173 1 33 381 602 408 88 83 438 419 454 419 438 414 452 66 410 463 629 479 383 130 559 618 181 452 181 181 81 555 629 236 608 1 260 86 1 1 72 1 590 236 65 42 236 508 18 391 452 525 181 236 602 66 385 33 452 86 65 553 33 568 438 313 538 346 392 66 421 156 65 538 33 618 107 43 553 72 43 66 33 153 132 33 538 43 43 236 81 335 260 66 1 346 396 66 18 508 17 528 181 452 181 301 346 429 236 421 346 555 86 72 602 535 1 553 555 1 66 408 629 66 72 479 66 66 535 590 412 181 65 421 81 508 181 92 236 66 181 86 236 66 346 112 553 429 65 107 107 408 391 43 452 85 492 181 81 483 391 610 66 173 66 257 1 236 452 43 383 18 33 463 618 421 153 33 236 578 621 414 475 86 301 421 1 555 42 1 438 83 72 1 65 429 1 81 313 429 429 66 429 86 99 232 611 463 181 49 1 86 43 260 33 358 505 578 66 1 18 181 602 86 83 66 568 236 408 452 555 508 258 1 301 33 508 611 33 66 130 508 629 86 1 81 181 41 429 301 429 555 419 421 181 66 33 1 132 618 33 85 301 297 33 590 421 452 555 414 553 83 65 18 438 463 301 535 33 553 1 419 33 1 301 258 72 43 181 66 618 83 408 223 85 43 452 358 414 358 358 555 429 88 553 525 66 72 86 555 479 555 391 452 452 555 1 452 112 1 475 130 555 555 412 66 181 88 72 437 618 260 43 408 66 283 1 634 408 396 1 452 555 130 553 113 72 429 535 1 391 112 1 236 358 1 181 85 392 33 463 438 452 72 429 258 605 181 438 258 483 553 526 555 574 611 105 33 508 475 634 358 463 1 565 454 65 260 565 72 427 72 33 358 528 433 438 41 463 1 463 553 1 43 313 18 358 590 66 419 66 33 86 27 81 301 438 130 414 258 391 553
10
478 618
207 429
430 65
159 438
431 452
621 156
403 130
365 610
475 383
160 1